0 10 29 104
0 18 6 686
1 10 18 585
1 14 35 729
1 22 17 924
3 26 19 376
5 19 41 652
6 6 5 349
7 14 31 613
7 15 13 333
7 21 19 924
8 8 25 131
8 12 35 979
11 17 39 781
11 19 15 79
12 20 31 113
12 33 12 542
13 28 37 876
15 31 12 678
16 19 42 514
18 34 23 920
20 27 35 149
22 22 36 35
23 6 10 168
23 29 30 835
23 32 29 624
23 34 27 309
26 33 35 201
27 27 34 895
28 6 16 562
30 13 29 751
31 9 22 491
31 21 10 383
32 10 15 622
34 17 41 782
34 22 44 627
35 11 5 531
35 13 14 621
37 18 41 690
39 5 35 97
39 9 38 900
42 16 14 350
44 12 17 606
44 14 33 203
44 34 22 809
45 24 7 639
45 26 15 172
48 14 40 597
48 30 23 138
49 21 7 709
50 18 20 214
50 29 11 565
51 14 10 905
52 14 34 689
52 22 32 388
53 19 24 857
54 5 29 748
54 6 20 697
58 20 28 720
59 11 31 964
60 13 12 902
61 16 33 1004
63 16 15 889
64 29 27 433
66 12 44 436
73 14 31 384
75 18 30 444
77 15 31 499
78 30 5 749
80 23 32 577
81 27 25 121
82 23 22 438
84 16 43 250
85 15 14 806
86 6 24 49
86 7 33 602
87 18 19 222
90 15 29 903
92 22 22 766
94 7 32 833
94 8 20 887
94 22 6 402
98 22 6 302
98 34 6 686
99 31 18 447
