0 11 38 664
1 10 33 898
1 16 15 440
2 5 12 796
2 31 22 395
3 32 17 975
5 29 6 295
9 6 32 704
11 25 36 335
12 16 30 619
13 15 20 555
14 10 31 493
15 11 36 37
17 6 19 402
17 32 6 166
23 5 19 636
24 14 19 439
25 29 14 471
26 5 9 860
26 23 20 379
28 28 22 387
29 33 28 437
30 22 12 874
31 24 28 49
33 27 13 183
34 22 20 991
34 34 13 297
35 15 14 302
35 24 43 557
37 33 9 507
39 8 14 341
40 28 27 621
42 17 21 505
43 21 23 695
44 15 44 180
47 20 23 555
47 26 36 143
57 32 11 969
59 19 19 48
59 25 21 454
59 31 31 437
59 34 18 912
61 8 37 22
61 20 5 662
62 5 42 133
71 21 25 941
72 32 35 75
79 30 10 310
82 21 15 583
84 10 11 183
86 6 41 349
86 14 19 608
88 29 17 978
91 14 33 725
91 30 40 319
92 26 26 340
95 13 25 294
96 25 25 567
97 28 28 18
97 34 13 573
98 29 18 734
